00001000010010001101001000
00100001000000101001001000000000000
00100010100000101000001
00100011000000100111001000
00100011110000100110001
00001000010001011010001000000000000000000000000000000000000000000000
00100100010000100101
00100100100000100100001
00100101000000100011
00100101010000100010
00100101100000100001
00100101110000100000
00100110000000011111
00100110010000011110
00100110100000011101
00100110110000011100000
00101000110000001010010
00100111000000011010
00101000100000001100010000
00100111010000011001000
00101000010000001111010
00100111100000010111000
00100111110000010101000
00101000000000010001010000
00100000110000101010011000000000
00011111100000101001011000000000000000
00100111110000000111001
00011101110000101000011
00011000110000000001001000000000000000
00011101010000100111011000
00011010100000000010001000000
00011100100000100110011000000
00011011100000100101011000000
00011011100000000011001000000000
00011100110000000100001000
00011010100000100100011000000
00011101100000000101001000000
00011110100000000110001000
00011111010000000111001000
00100000000000001000001000000000000
00100001100000001001001000000000000000000
00100011100000001010001000000000000000
00100101010000001001001000000000000000
00100111000000001000001000
00101000010000001000
00101000100000001001
00001100100010001110011000000000000000000000000000000000000000
00001000000010001101011
00000111100010001100011000000000
00000110010010001011
00000110000010001010011000
00000101010010001001011
00000100110010001000011
00000100010010000111011
00000011110010000110011
00000011010010000101011
00000010110010000100
00000010100010000011
00000010010010000010
00000010000010000001
00000001110010000000000
00000001100001111110
00000001010001111101
00000001000001111100000
00000000110001111010000
00000000100001111000000000000
00000000010001110100000000000000

